Name	tRNA	miRbaseOffset	Seed	Percent	Count	EM	T	A	E	AT	AA	C	TT	AG	G	AAT	TAT	TA	CT	AC	TAA	GC	CA	AGT	AGA	GA	ATT	CTT	AAA	AAAT	TC	TTT	GT	ACT	AATT	TGT	TG	TAAT	GCT	AAGA	AGAT	TTAT	TATT	ATC	ACCA	AAAA	AAGT	AAAG	TGA	GAG	TTA	AGC	TAC	TTTT	TAAG	TAAA	TCA	TCT	GGT
mmu-mir-486-5p	Ank1	0	CCTGTAC	0.988499271758	11990.1666667	6707.5	3032	1668.33333333	332.833333333	47.5	49	24	27	4.5	0.5	10.5	19.5	12	11.5	3	8.5	0	4	2.5	3	0.5	1	0	2.5	3	2	0.5	0	0	1.5	1.5	0	2	0	0	1	1	1	0	0	0.5	0	0.5	0.5	0.5	0.5	0	0.5	0	0.5	0	0.5	0.5	0.5
mmu-mir-3107-5p	Mir3107	0	CCTGTAC	0.991107709435	11870.1666667	6618.5	3026.5	1664.33333333	317.833333333	45.5	47.5	24	24	4.5	0	10.5	19.5	12	12.5	3	8.5	0	4	2.5	3	0.5	0	0	2.5	3	2	0.5	0	0	1.5	1.5	0	2	0	0	1	1	1	0	1	0.5	0	0.5	0.5	0.5	0.5	0	0.5	0	0.5	0	0.5	0.5	0
mmu-mir-92a-1-3p	Mir17hg	0	ATTGCAC	0.985395849347	4487	3799.5	24	407.5	72.5	92	42	6.5	4	0	3	11	0	0	0	8	0	1	0.5	0	0	3.5	4	0	0	0	1	0	1	2	1	0	0	0	0	1	0	0	0	1	0	0	1	0	0	0	0	0	0	0	0	0	0	0	0
mmu-mir-25-3p	Mcm7	0	ATTGCAC	0.981588816911	2879	2665	107	49	41	5	0	0	5	3	3	0	0	0	0	0	0	0	0	0	0	0	0	0	0	0	0	0	0	0	0	0	0	0	1	0	0	0	0	0	0	0	0	0	0	0	0	0	0	0	0	0	0	0	0
mmu-mir-191-5p	Mir191	0	AACGGAA	0.92255531763	2585	2476	4	27	68	1	2	3	0	0	1	1	0	0	0	0	0	0	0	1	0	1	0	0	0	0	0	0	0	0	0	0	0	0	0	0	0	0	0	0	0	0	0	0	0	0	0	0	0	0	0	0	0	0	0
mmu-mir-451	Mir451	0	AACCGTT	1.0	1293	1179	5	2	107	0	0	0	0	0	0	0	0	0	0	0	0	0	0	0	0	0	0	0	0	0	0	0	0	0	0	0	0	0	0	0	0	0	0	0	0	0	0	0	0	0	0	0	0	0	0	0	0	0	0
mmu-mir-26a-1-5p	Ctdspl	0	TCAAGTA	1.0	973	820.5	45	7	94.5	0.5	0	2	0	1	0.5	1	0	0	0	0	0	0	0	0.5	0.5	0	0	0	0	0	0	0	0	0	0	0	0	0	0	0	0	0	0	0	0	0	0	0	0	0	0	0	0	0	0	0	0	0	0
mmu-mir-26a-2-5p	Ctdsp2	0	TCAAGTA	1.0	973	820.5	45	7	94.5	0.5	0	2	0	1	0.5	1	0	0	0	0	0	0	0	0.5	0.5	0	0	0	0	0	0	0	0	0	0	0	0	0	0	0	0	0	0	0	0	0	0	0	0	0	0	0	0	0	0	0	0	0	0
mmu-mir-30d-5p	Mir30d	0	GTAAACA	1.0	816	627	25	15	144	0	1	2	0	0	1	0	0	0	0	0	0	0	0	0	0	0	0	0	0	0	0	0	0	0	0	1	0	0	0	0	0	0	0	0	0	0	0	0	0	0	0	0	0	0	0	0	0	0	0
mmu-mir-140-3p_+_1	Wwp2	1	CCACAGG	0.71240926374	1030.5	608.5	174	41	182	2	1	0	5	1	12	0	0	1	0	1	0	0	0	1	0	0	0	0	0	0	0	0	1	0	0	0	0	0	0	0	0	0	0	0	0	0	0	0	0	0	0	0	0	0	0	0	0	0	0
mmu-let-7i-5p	Mirlet7i	0	GAGGTAG	1.0	611.5	520.5	34	40	4	9	1	1	1	0	0	0	0	0	0	0	0	0	0	0	0	0	0	0	0	0	0	0	0	1	0	0	0	0	0	0	0	0	0	0	0	0	0	0	0	0	0	0	0	0	0	0	0	0	0
mmu-mir-16-2-5p	Smc4	0	AGCAGCA	1.0	479.5	461	0	1.5	15	0	0	0	0	0	0	0	0	0	0	0.5	0	0	0	0	0	0	0	0	0	0	0	0	0	0.5	0	0	0	0	1	0	0	0	0	0	0	0	0	0	0	0	0	0	0	0	0	0	0	0	0
mmu-mir-16-1-5p	Dleu2	0	AGCAGCA	1.0	478.5	461	0	1.5	14	0	0	0	0	0	0	0	0	0	0	0.5	0	0	0	0	0	0	0	0	0	0	0	0	0	0.5	0	0	0	0	1	0	0	0	0	0	0	0	0	0	0	0	0	0	0	0	0	0	0	0	0
mmu-let-7d-5p	Mirlet7d	0	GAGGTAG	1.0	402.375	391.375	0	4	3	0	3	0	0	0	1	0	0	0	0	0	0	0	0	0	0	0	0	0	0	0	0	0	0	0	0	0	0	0	0	0	0	0	0	0	0	0	0	0	0	0	0	0	0	0	0	0	0	0	0
mmu-mir-30c-1-5p	Nfyc	0	GTAAACA	1.0	454	334	19.5	3.5	96.5	0	0	0	0	0	0	0	0	0	0.5	0	0	0	0	0	0	0	0	0	0	0	0	0	0	0	0	0	0	0	0	0	0	0	0	0	0	0	0	0	0	0	0	0	0	0	0	0	0	0	0
mmu-mir-30c-2-5p	Mir30c-2	0	GTAAACA	1.0	454	334	19.5	3.5	96.5	0	0	0	0	0	0	0	0	0	0.5	0	0	0	0	0	0	0	0	0	0	0	0	0	0	0	0	0	0	0	0	0	0	0	0	0	0	0	0	0	0	0	0	0	0	0	0	0	0	0	0
mmu-mir-140-3p	Wwp2	0	ACCACAG	0.264777048047	383	301	37	31	7	2	0	0	1	0	3	0	0	0	0	1	0	0	0	0	0	0	0	0	0	0	0	0	0	0	0	0	0	0	0	0	0	0	0	0	0	0	0	0	0	0	0	0	0	0	0	0	0	0	0
mmu-mir-186-5p	Zranb2	0	AAAGAAT	0.967261904762	325	257	1	7	57	1	1	1	0	0	0	0	0	0	0	0	0	0	0	0	0	0	0	0	0	0	0	0	0	0	0	0	0	0	0	0	0	0	0	0	0	0	0	0	0	0	0	0	0	0	0	0	0	0	0
mmu-mir-128-1-3p	R3hdm1	0	CACAGTG	1.0	274.5	242	0.5	7	21.5	0	0.5	0	0	0	3	0	0	0	0	0	0	0	0	0	0	0	0	0	0	0	0	0	0	0	0	0	0	0	0	0	0	0	0	0	0	0	0	0	0	0	0	0	0	0	0	0	0	0	0
mmu-mir-425-5p	Mir425	0	ATGACAC	1.0	244	241	1	0	2	0	0	0	0	0	0	0	0	0	0	0	0	0	0	0	0	0	0	0	0	0	0	0	0	0	0	0	0	0	0	0	0	0	0	0	0	0	0	0	0	0	0	0	0	0	0	0	0	0	0
mmu-mir-142-5p_-_2	Mir142	-2	CCATAAA	0.907590759076	275	219	2	1	49	0	0	4	0	0	0	0	0	0	0	0	0	0	0	0	0	0	0	0	0	0	0	0	0	0	0	0	0	0	0	0	0	0	0	0	0	0	0	0	0	0	0	0	0	0	0	0	0	0	0
mmu-let-7b-5p	Mirlet7b	0	GAGGTAG	1.0	247.5	219	1.5	12	6	2.5	1.5	0	0.5	1	2	0	0	0	0.5	0	0	0	0	0	0	0.5	0	0	0	0	0	0	0.5	0	0	0	0	0	0	0	0	0	0	0	0	0	0	0	0	0	0	0	0	0	0	0	0	0	0
mmu-mir-148a-3p	Mir148a	0	CAGTGCA	1.0	189	176	9	1	3	0	0	0	0	0	0	0	0	0	0	0	0	0	0	0	0	0	0	0	0	0	0	0	0	0	0	0	0	0	0	0	0	0	0	0	0	0	0	0	0	0	0	0	0	0	0	0	0	0	0
mmu-mir-30a-5p	Mir30a	0	GTAAACA	1.0	251	169	3	2	76	0	0	1	0	0	0	0	0	0	0	0	0	0	0	0	0	0	0	0	0	0	0	0	0	0	0	0	0	0	0	0	0	0	0	0	0	0	0	0	0	0	0	0	0	0	0	0	0	0	0
mmu-mir-128-2-3p	Arpp21	0	CACAGTG	1.0	184.5	167	1	6	8.5	0	0.5	0	0.5	0	1	0	0	0	0	0	0	0	0	0	0	0	0	0	0	0	0	0	0	0	0	0	0	0	0	0	0	0	0	0	0	0	0	0	0	0	0	0	0	0	0	0	0	0	0
mmu-mir-191-5p_+_1	Mir191	1	ACGGAAT	0.0774446823697	217	162	1	5	48	0	0	1	0	0	0	0	0	0	0	0	0	0	0	0	0	0	0	0	0	0	0	0	0	0	0	0	0	0	0	0	0	0	0	0	0	0	0	0	0	0	0	0	0	0	0	0	0	0	0
mmu-let-7c-2-5p	Mirlet7c-2	0	GAGGTAG	1.0	156.2	141.5	0.5	4.5	7.7	0	0	1	0	0	1	0	0	0	0	0	0	0	0	0	0	0	0	0	0	0	0	0	0	0	0	0	0	0	0	0	0	0	0	0	0	0	0	0	0	0	0	0	0	0	0	0	0	0	0
mmu-let-7c-1-5p	Mirlet7c-1	0	GAGGTAG	1.0	149.7	140.5	0	4.5	2.7	0	0	1	0	0	1	0	0	0	0	0	0	0	0	0	0	0	0	0	0	0	0	0	0	0	0	0	0	0	0	0	0	0	0	0	0	0	0	0	0	0	0	0	0	0	0	0	0	0	0
mmu-mir-423-3p	Ccdc55	0	GCTCGGT	0.846153846154	159.5	136	15	1	6	0	0	0	0.5	0	0	1	0	0	0	0	0	0	0	0	0	0	0	0	0	0	0	0	0	0	0	0	0	0	0	0	0	0	0	0	0	0	0	0	0	0	0	0	0	0	0	0	0	0	0
mmu-mir-92a-2-3p	Mir92-2	0	ATTGCAC	1.0	154	126.5	10.5	8.5	3.5	0	0	3.5	0.5	0	0	0	0	0.5	0	0	0	0	0.5	0	0	0	0	0	0	0	0	0	0	0	0	0	0	0	0	0	0	0	0	0	0	0	0	0	0	0	0	0	0	0	0	0	0	0	0
mmu-mir-423-5p	Ccdc55	0	GAGGGGC	1.0	142	122	3	1	12	2	1	1	0	0	0	0	0	0	0	0	0	0	0	0	0	0	0	0	0	0	0	0	0	0	0	0	0	0	0	0	0	0	0	0	0	0	0	0	0	0	0	0	0	0	0	0	0	0	0
mmu-let-7a-2-5p	Mirlet7a-2	0	GAGGTAG	1.0	123.95	120	0	2	1.7	0	0	0	0	0	0.25	0	0	0	0	0	0	0	0	0	0	0	0	0	0	0	0	0	0	0	0	0	0	0	0	0	0	0	0	0	0	0	0	0	0	0	0	0	0	0	0	0	0	0	0
mmu-let-7a-1-5p	Mirlet7a-1	0	GAGGTAG	1.0	122.95	120	0	2	0.7	0	0	0	0	0	0.25	0	0	0	0	0	0	0	0	0	0	0	0	0	0	0	0	0	0	0	0	0	0	0	0	0	0	0	0	0	0	0	0	0	0	0	0	0	0	0	0	0	0	0	0
mmu-mir-103-2-3p	Pank2	0	GCAGCAT	1.0	189.666666667	116.166666667	59.8333333333	0.333333333333	2.83333333333	0.666666666666	0	1	5.5	0	0.5	0	0	0	0	0	0	0	0	0	0	0.333333333333	0	0.5	0	0	0	0.5	1	0	0	0	0	0	0	0	0	0	0	0	0	0	0	0	0	0	0	0	0	0.5	0	0	0	0	0
mmu-mir-103-1-3p	Pank3	0	GCAGCAT	1.0	188.666666667	116.166666667	58.8333333333	0.333333333333	2.83333333333	0.666666666666	0	1	5.5	0	0.5	0	0	0	0	0	0	0	0	0	0	0.333333333333	0	0.5	0	0	0	0.5	1	0	0	0	0	0	0	0	0	0	0	0	0	0	0	0	0	0	0	0	0	0.5	0	0	0	0	0
mmu-mir-22-3p	Mir22hg	0	AGCTGCC	1.0	126	116	0	3	7	0	0	0	0	0	0	0	0	0	0	0	0	0	0	0	0	0	0	0	0	0	0	0	0	0	0	0	0	0	0	0	0	0	0	0	0	0	0	0	0	0	0	0	0	0	0	0	0	0	0
mmu-mir-106b-3p	Mcm7	0	CGCACTG	0.905723905724	134.5	107.5	14	9	0	2	1	0	0	0	0	0	0	0	0	0	0	0	0	0	0	0	0	0	0	0	1	0	0	0	0	0	0	0	0	0	0	0	0	0	0	0	0	0	0	0	0	0	0	0	0	0	0	0	0
mmu-let-7g-5p	Wdr82	0	GAGGTAG	1.0	112.5	106.5	0	5	1	0	0	0	0	0	0	0	0	0	0	0	0	0	0	0	0	0	0	0	0	0	0	0	0	0	0	0	0	0	0	0	0	0	0	0	0	0	0	0	0	0	0	0	0	0	0	0	0	0	0
mmu-let-7f-2-5p	Huwe1	0	GAGGTAG	1.0	90.75	90.25	0	0	0.5	0	0	0	0	0	0	0	0	0	0	0	0	0	0	0	0	0	0	0	0	0	0	0	0	0	0	0	0	0	0	0	0	0	0	0	0	0	0	0	0	0	0	0	0	0	0	0	0	0	0
mmu-mir-93-5p	Mcm7	0	AAAGTGC	1.0	104	86	4	9	4	0	0	0	0	1	0	0	0	0	0	0	0	0	0	0	0	0	0	0	0	0	0	0	0	0	0	0	0	0	0	0	0	0	0	0	0	0	0	0	0	0	0	0	0	0	0	0	0	0	0
mmu-mir-150-5p	Mir150	0	CTCCCAA	1.0	94	86	4	3	1	0	0	0	0	0	0	0	0	0	0	0	0	0	0	0	0	0	0	0	0	0	0	0	0	0	0	0	0	0	0	0	0	0	0	0	0	0	0	0	0	0	0	0	0	0	0	0	0	0	0
mmu-let-7f-1-5p	Mirlet7f-1	0	GAGGTAG	1.0	83	82.25	0	0	0.75	0	0	0	0	0	0	0	0	0	0	0	0	0	0	0	0	0	0	0	0	0	0	0	0	0	0	0	0	0	0	0	0	0	0	0	0	0	0	0	0	0	0	0	0	0	0	0	0	0	0
mmu-mir-21-5p	Vmp1	0	AGCTTAT	1.0	88	80	0	3	2	0	0	2	0	0	0	0	0	0	0	0	0	0	1	0	0	0	0	0	0	0	0	0	0	0	0	0	0	0	0	0	0	0	0	0	0	0	0	0	0	0	0	0	0	0	0	0	0	0	0
mmu-mir-378-3p	Ppargc1b	0	CTGGACT	0.879897238279	114.166666667	79.6666666667	2.5	22	8.5	0	1	0	0	0.5	0	0	0	0	0	0	0	0	0	0	0	0	0	0	0	0	0	0	0	0	0	0	0	0	0	0	0	0	0	0	0	0	0	0	0	0	0	0	0	0	0	0	0	0	0
mmu-mir-486-5p_+_2	Ank1	2	TGTACTG	0.011500728242	139.5	79	26	18	8.5	3	0.5	0	3	0	0	0	0	0	0	0	0	0	0	0	0	0	0	0	0	0	0	0	0	0	0.5	0	0	0	0	0	0	0	0	0	0	0	0	0	0	0	0	1	0	0	0	0	0	0	0
mmu-mir-192-5p	Mir192	0	TGACCTA	1.0	74	65	5	0	2	0	0	0	1	0	1	0	0	0	0	0	0	0	0	0	0	0	0	0	0	0	0	0	0	0	0	0	0	0	0	0	0	0	0	0	0	0	0	0	0	0	0	0	0	0	0	0	0	0	0
mmu-mir-30e-5p	Nfyc	0	GTAAACA	1.0	84	63	3	2	14	0	0	1	0	0	0	0	0	0	0	0	0	0	0	0	0	0	0	0	1	0	0	0	0	0	0	0	0	0	0	0	0	0	0	0	0	0	0	0	0	0	0	0	0	0	0	0	0	0	0
mmu-mir-744-5p	Map2k4	0	GCGGGGC	1.0	77.5	62.5	6	4	3	0	0	0	1	0	0	0	0	0	0	0	0	0	0	1	0	0	0	0	0	0	0	0	0	0	0	0	0	0	0	0	0	0	0	0	0	0	0	0	0	0	0	0	0	0	0	0	0	0	0
mmu-mir-320-3p	Mir320	0	AAAGCTG	1.0	92	58	23	2	3	0	0	0	3	0	1	0	0	0	0	0	0	0	0	0	0	0	0	1	0	0	0	0	1	0	0	0	0	0	0	0	0	0	0	0	0	0	0	0	0	0	0	0	0	0	0	0	0	0	0
mmu-mir-3107-5p_+_2	Mir3107	2	TGTACTG	0.00889229056496	106.5	56	26	17	5.5	0	0.5	0	1	0	0	0	0	0	0	0	0	0	0	0	0	0	0	0	0	0	0	0	0	0	0.5	0	0	0	0	0	0	0	0	0	0	0	0	0	0	0	0	0	0	0	0	0	0	0	0
mmu-mir-223-3p	F630028O10Rik	0	GTCAGTT	1.0	82	55	18	0	1	0	0	2	4	0	1	0	0	1	0	0	0	0	0	0	0	0	0	0	0	0	0	0	0	0	0	0	0	0	0	0	0	0	0	0	0	0	0	0	0	0	0	0	0	0	0	0	0	0	0
mmu-mir-181d-5p	Mir181d	0	ACATTCA	1.0	64	51	4	4	3	1	0	0	0	0	0	0	0	0	0	0	0	0	1	0	0	0	0	0	0	0	0	0	0	0	0	0	0	0	0	0	0	0	0	0	0	0	0	0	0	0	0	0	0	0	0	0	0	0	0
mmu-mir-27b-3p	Mir27b	0	TCACAGT	1.0	83	50	8	4	20	0	0	0	0	0	0	0	0	0	0	0	0	0	0	0	0	0	1	0	0	0	0	0	0	0	0	0	0	0	0	0	0	0	0	0	0	0	0	0	0	0	0	0	0	0	0	0	0	0	0
mmu-mir-339-5p	3110082I17Rik	0	CCCTGTC	1.0	55	48	1	2	2	1	0	0	1	0	0	0	0	0	0	0	0	0	0	0	0	0	0	0	0	0	0	0	0	0	0	0	0	0	0	0	0	0	0	0	0	0	0	0	0	0	0	0	0	0	0	0	0	0	0
mmu-mir-92a-1-3p_+_1	Mir17hg	1	TTGCACT	0.0146041506533	66.5	46	1	10	9	0	0	0	0	0	0	0	0	0	0	0	0	0	0	0	0	0.5	0	0	0	0	0	0	0	0	0	0	0	0	0	0	0	0	0	0	0	0	0	0	0	0	0	0	0	0	0	0	0	0	0
mmu-mir-148b-3p	Copz1	0	CAGTGCA	1.0	98	46	39	4	8	0	0	0	0	0	0	0	0	1	0	0	0	0	0	0	0	0	0	0	0	0	0	0	0	0	0	0	0	0	0	0	0	0	0	0	0	0	0	0	0	0	0	0	0	0	0	0	0	0	0
mmu-mir-181a-2-5p	Mir181a-2	0	ACATTCA	1.0	52.5	44	1.5	1.5	5	0	0	0	0	0	0	0	0	0	0.5	0	0	0	0	0	0	0	0	0	0	0	0	0	0	0	0	0	0	0	0	0	0	0	0	0	0	0	0	0	0	0	0	0	0	0	0	0	0	0	0
mmu-mir-181a-1-5p	Mir181a-1	0	ACATTCA	1.0	52.5	44	1.5	1.5	5	0	0	0	0	0	0	0	0	0	0.5	0	0	0	0	0	0	0	0	0	0	0	0	0	0	0	0	0	0	0	0	0	0	0	0	0	0	0	0	0	0	0	0	0	0	0	0	0	0	0	0
mmu-mir-25-3p_+_1	Mcm7	1	TTGCACT	0.018411183089	54	42	0	1	11	0	0	0	0	0	0	0	0	0	0	0	0	0	0	0	0	0	0	0	0	0	0	0	0	0	0	0	0	0	0	0	0	0	0	0	0	0	0	0	0	0	0	0	0	0	0	0	0	0	0
mmu-mir-26b-5p	Ctdsp1	0	TCAAGTA	1.0	46	42	0	1	3	0	0	0	0	0	0	0	0	0	0	0	0	0	0	0	0	0	0	0	0	0	0	0	0	0	0	0	0	0	0	0	0	0	0	0	0	0	0	0	0	0	0	0	0	0	0	0	0	0	0
mmu-mir-328-3p	Mir328	0	TGGCCCT	1.0	89.5333333333	40.2	21.3333333333	9	9	3	0	0	1	0	0	3	0	0	0	0	0	0	0	0	1	0	0	0	0	0	0	2	0	0	0	0	0	0	0	0	0	0	0	0	0	0	0	0	0	0	0	0	0	0	0	0	0	0	0
mmu-mir-30e-3p	Nfyc	0	TTTCAGT	1.0	125	40	67.5	3	11	0	0	0	2.5	0	0	0	0	1	0	0	0	0	0	0	0	0	0	0	0	0	0	0	0	0	0	0	0	0	0	0	0	0	0	0	0	0	0	0	0	0	0	0	0	0	0	0	0	0	0
mmu-mir-151-3p	Ptk2	0	TAGACTG	1.0	61.2	39.2	13	3	1	2	0	0	3	0	0	0	0	0	0	0	0	0	0	0	0	0	0	0	0	0	0	0	0	0	0	0	0	0	0	0	0	0	0	0	0	0	0	0	0	0	0	0	0	0	0	0	0	0	0
mmu-mir-107-3p	Pank1	0	GCAGCAT	1.0	52.6666666667	36.6666666667	13.3333333333	0.333333333333	1.33333333333	0.666666666666	0	0	0	0	0	0	0	0	0	0	0	0	0	0	0	0.333333333333	0	0	0	0	0	0	0	0	0	0	0	0	0	0	0	0	0	0	0	0	0	0	0	0	0	0	0	0	0	0	0	0	0
mmu-mir-10b-5p	Hoxd3	0	ACCCTGT	1.0	34	28	0	1	5	0	0	0	0	0	0	0	0	0	0	0	0	0	0	0	0	0	0	0	0	0	0	0	0	0	0	0	0	0	0	0	0	0	0	0	0	0	0	0	0	0	0	0	0	0	0	0	0	0	0
mmu-mir-151-5p	Ptk2	0	CGAGGAG	1.0	27	26	0	0	0	1	0	0	0	0	0	0	0	0	0	0	0	0	0	0	0	0	0	0	0	0	0	0	0	0	0	0	0	0	0	0	0	0	0	0	0	0	0	0	0	0	0	0	0	0	0	0	0	0	0
mmu-mir-29a-3p	Mir29a	0	AGCACCA	1.0	26	26	0	0	0	0	0	0	0	0	0	0	0	0	0	0	0	0	0	0	0	0	0	0	0	0	0	0	0	0	0	0	0	0	0	0	0	0	0	0	0	0	0	0	0	0	0	0	0	0	0	0	0	0	0
mmu-mir-324-5p	Mir324	0	GCATCCC	1.0	26	25	1	0	0	0	0	0	0	0	0	0	0	0	0	0	0	0	0	0	0	0	0	0	0	0	0	0	0	0	0	0	0	0	0	0	0	0	0	0	0	0	0	0	0	0	0	0	0	0	0	0	0	0	0
mmu-mir-423-3p_-_1	Ccdc55	-1	AGCTCGG	0.153846153846	29	24	2	1	1	0	0	0	0	0	0	0	0	0	1	0	0	0	0	0	0	0	0	0	0	0	0	0	0	0	0	0	0	0	0	0	0	0	0	0	0	0	0	0	0	0	0	0	0	0	0	0	0	0	0
mmu-mir-142-5p_-_1	Mir142	-1	CATAAAG	0.0924092409241	28	23	0	1	3	0	0	0	0	0	1	0	0	0	0	0	0	0	0	0	0	0	0	0	0	0	0	0	0	0	0	0	0	0	0	0	0	0	0	0	0	0	0	0	0	0	0	0	0	0	0	0	0	0	0
mmu-mir-181b-2-5p	Mir181b-2	0	ACATTCA	1.0	35	22	2	5.5	5.5	0	0	0	0	0	0	0	0	0	0	0	0	0	0	0	0	0	0	0	0	0	0	0	0	0	0	0	0	0	0	0	0	0	0	0	0	0	0	0	0	0	0	0	0	0	0	0	0	0	0
mmu-mir-181c-5p	Mir181c	0	ACATTCA	1.0	28	22	1	0	5	0	0	0	0	0	0	0	0	0	0	0	0	0	0	0	0	0	0	0	0	0	0	0	0	0	0	0	0	0	0	0	0	0	0	0	0	0	0	0	0	0	0	0	0	0	0	0	0	0	0
mmu-mir-185-5p	D16H22S680E	0	GGAGAGA	1.0	44.5	21.5	0	4	6	10	0	0	0	0	0	0	0	0	0	1	0	0	0	0	0	0	1	0	0	0	0	0	0	1	0	0	0	0	0	0	0	0	0	0	0	0	0	0	0	0	0	0	0	0	0	0	0	0	0
mmu-mir-24-1-3p	Mir24-1	0	GGCTCAG	1.0	30.5	21	8	0	0.5	0.5	0	0	0	0	0.5	0	0	0	0	0	0	0	0	0	0	0	0	0	0	0	0	0	0	0	0	0	0	0	0	0	0	0	0	0	0	0	0	0	0	0	0	0	0	0	0	0	0	0	0
mmu-mir-24-2-3p	Mir24-2	0	GGCTCAG	1.0	30.5	21	8	0	0.5	0.5	0	0	0	0	0.5	0	0	0	0	0	0	0	0	0	0	0	0	0	0	0	0	0	0	0	0	0	0	0	0	0	0	0	0	0	0	0	0	0	0	0	0	0	0	0	0	0	0	0	0
mmu-mir-15b-5p	Smc4	0	AGCAGCA	1.0	20.1666666667	20.1666666667	0	0	0	0	0	0	0	0	0	0	0	0	0	0	0	0	0	0	0	0	0	0	0	0	0	0	0	0	0	0	0	0	0	0	0	0	0	0	0	0	0	0	0	0	0	0	0	0	0	0	0	0	0
mmu-mir-421-3p	B230206F22Rik	0	TCAACAG	1.0	34	20	3	8	3	0	0	0	0	0	0	0	0	0	0	0	0	0	0	0	0	0	0	0	0	0	0	0	0	0	0	0	0	0	0	0	0	0	0	0	0	0	0	0	0	0	0	0	0	0	0	0	0	0	0
mmu-mir-30b-5p	Mir30b	0	GTAAACA	1.0	27	20	0	0	7	0	0	0	0	0	0	0	0	0	0	0	0	0	0	0	0	0	0	0	0	0	0	0	0	0	0	0	0	0	0	0	0	0	0	0	0	0	0	0	0	0	0	0	0	0	0	0	0	0	0
mmu-mir-181b-1-5p	Mir181b-1	0	ACATTCA	1.0	26	20	0	5	1	0	0	0	0	0	0	0	0	0	0	0	0	0	0	0	0	0	0	0	0	0	0	0	0	0	0	0	0	0	0	0	0	0	0	0	0	0	0	0	0	0	0	0	0	0	0	0	0	0	0
mmu-mir-19b-2-3p	Mir19b-2	0	GTGCAAA	1.0	25.5	20	2	0	3.5	0	0	0	0	0	0	0	0	0	0	0	0	0	0	0	0	0	0	0	0	0	0	0	0	0	0	0	0	0	0	0	0	0	0	0	0	0	0	0	0	0	0	0	0	0	0	0	0	0	0
mmu-mir-19b-1-3p	Mir19b-1	0	GTGCAAA	1.0	25.5	20	2	0	3.5	0	0	0	0	0	0	0	0	0	0	0	0	0	0	0	0	0	0	0	0	0	0	0	0	0	0	0	0	0	0	0	0	0	0	0	0	0	0	0	0	0	0	0	0	0	0	0	0	0	0
mmu-mir-146b-5p	Mir146b	0	GAGAACT	1.0	26.6666666666	19.0	0.666666666666	1.33333333333	5.33333333333	0.333333333333	0	0	0	0	0	0	0	0	0	0	0	0	0	0	0	0	0	0	0	0	0	0	0	0	0	0	0	0	0	0	0	0	0	0	0	0	0	0	0	0	0	0	0	0	0	0	0	0	0
mmu-mir-378-5p	Ppargc1b	0	TCCTGAC	1.0	21	19	0	1	1	0	0	0	0	0	0	0	0	0	0	0	0	0	0	0	0	0	0	0	0	0	0	0	0	0	0	0	0	0	0	0	0	0	0	0	0	0	0	0	0	0	0	0	0	0	0	0	0	0	0
mmu-let-7d-3p	Mirlet7d	0	TATACGA	1.0	20	17	0	1	2	0	0	0	0	0	0	0	0	0	0	0	0	0	0	0	0	0	0	0	0	0	0	0	0	0	0	0	0	0	0	0	0	0	0	0	0	0	0	0	0	0	0	0	0	0	0	0	0	0	0
mmu-mir-17-5p	Mir17	0	AAAGTGC	1.0	19	17	0	1	1	0	0	0	0	0	0	0	0	0	0	0	0	0	0	0	0	0	0	0	0	0	0	0	0	0	0	0	0	0	0	0	0	0	0	0	0	0	0	0	0	0	0	0	0	0	0	0	0	0	0
mmu-mir-15b-3p	Smc4	0	GAATCAT	1.0	17	17	0	0	0	0	0	0	0	0	0	0	0	0	0	0	0	0	0	0	0	0	0	0	0	0	0	0	0	0	0	0	0	0	0	0	0	0	0	0	0	0	0	0	0	0	0	0	0	0	0	0	0	0	0
mmu-mir-140-3p_+_2	Wwp2	2	CACAGGG	0.0228136882129	33	15	16	1	1	0	0	0	0	0	0	0	0	0	0	0	0	0	0	0	0	0	0	0	0	0	0	0	0	0	0	0	0	0	0	0	0	0	0	0	0	0	0	0	0	0	0	0	0	0	0	0	0	0	0
mmu-mir-122-5p	Mir122a	0	GGAGTGT	1.0	19	15	0	2	1	0	0	0	0	0	0	0	0	0	0	0	0	0	0	1	0	0	0	0	0	0	0	0	0	0	0	0	0	0	0	0	0	0	0	0	0	0	0	0	0	0	0	0	0	0	0	0	0	0	0
mmu-mir-210-3p	Mir210	0	TGTGCGT	1.0	30	14	6	2	3	3	0	0	0	1	0	0	0	0	0	0	0	0	0	0	0	0	0	0	0	0	0	0	0	0	0	0	0	0	0	0	0	0	0	0	0	0	0	0	0	0	0	0	0	0	0	1	0	0	0
mmu-mir-30a-3p	Mir30a	0	TTTCAGT	1.0	29	14	3	3	9	0	0	0	0	0	0	0	0	0	0	0	0	0	0	0	0	0	0	0	0	0	0	0	0	0	0	0	0	0	0	0	0	0	0	0	0	0	0	0	0	0	0	0	0	0	0	0	0	0	0
mmu-mir-222-3p	Mir222	0	GCTACAT	1.0	15	14	1	0	0	0	0	0	0	0	0	0	0	0	0	0	0	0	0	0	0	0	0	0	0	0	0	0	0	0	0	0	0	0	0	0	0	0	0	0	0	0	0	0	0	0	0	0	0	0	0	0	0	0	0
mmu-mir-378-3p_+_1	Ppargc1b	1	TGGACTT	0.120102761721	15.5833333333	13.25	1	1	0	0.333333333333	0	0	0	0	0	0	0	0	0	0	0	0	0	0	0	0	0	0	0	0	0	0	0	0	0	0	0	0	0	0	0	0	0	0	0	0	0	0	0	0	0	0	0	0	0	0	0	0	0
mmu-mir-106b-3p_-_2	Mcm7	-2	ACCGCAC	0.0942760942761	14	13	0	1	0	0	0	0	0	0	0	0	0	0	0	0	0	0	0	0	0	0	0	0	0	0	0	0	0	0	0	0	0	0	0	0	0	0	0	0	0	0	0	0	0	0	0	0	0	0	0	0	0	0	0
mmu-mir-130b-5p	2610318N02Rik	0	CTCTTTC	1.0	14	13	0	0	1	0	0	0	0	0	0	0	0	0	0	0	0	0	0	0	0	0	0	0	0	0	0	0	0	0	0	0	0	0	0	0	0	0	0	0	0	0	0	0	0	0	0	0	0	0	0	0	0	0	0
mmu-mir-15a-5p	Dleu2	0	AGCAGCA	1.0	13	13	0	0	0	0	0	0	0	0	0	0	0	0	0	0	0	0	0	0	0	0	0	0	0	0	0	0	0	0	0	0	0	0	0	0	0	0	0	0	0	0	0	0	0	0	0	0	0	0	0	0	0	0	0
mmu-mir-23a-3p	Mir23a	0	TCACATT	1.0	13.5	12.5	0	0	0	0	0	0	0	0	1	0	0	0	0	0	0	0	0	0	0	0	0	0	0	0	0	0	0	0	0	0	0	0	0	0	0	0	0	0	0	0	0	0	0	0	0	0	0	0	0	0	0	0	0
mmu-mir-484	Mir484	0	CAGGCTC	1.0	22	12	4	1	3	1	0	0	0	0	0	0	0	1	0	0	0	0	0	0	0	0	0	0	0	0	0	0	0	0	0	0	0	0	0	0	0	0	0	0	0	0	0	0	0	0	0	0	0	0	0	0	0	0	0
mmu-mir-98-5p	Huwe1	0	GAGGTAG	1.0	13.2	12	0	1	0.2	0	0	0	0	0	0	0	0	0	0	0	0	0	0	0	0	0	0	0	0	0	0	0	0	0	0	0	0	0	0	0	0	0	0	0	0	0	0	0	0	0	0	0	0	0	0	0	0	0	0
mmu-mir-181a-1-3p	Mir181a-1	0	CCATCGA	1.0	12	12	0	0	0	0	0	0	0	0	0	0	0	0	0	0	0	0	0	0	0	0	0	0	0	0	0	0	0	0	0	0	0	0	0	0	0	0	0	0	0	0	0	0	0	0	0	0	0	0	0	0	0	0	0
mmu-mir-5109_+_5	Mir5109	5	GGACCAG	0.5	11.5	11.5	0	0	0	0	0	0	0	0	0	0	0	0	0	0	0	0	0	0	0	0	0	0	0	0	0	0	0	0	0	0	0	0	0	0	0	0	0	0	0	0	0	0	0	0	0	0	0	0	0	0	0	0	0
mmu-mir-146a-5p	Mir146	0	GAGAACT	1.0	25	11	6	1	7	0	0	0	0	0	0	0	0	0	0	0	0	0	0	0	0	0	0	0	0	0	0	0	0	0	0	0	0	0	0	0	0	0	0	0	0	0	0	0	0	0	0	0	0	0	0	0	0	0	0
mmu-mir-221-3p	Mir221	0	GCTACAT	1.0	12	11	1	0	0	0	0	0	0	0	0	0	0	0	0	0	0	0	0	0	0	0	0	0	0	0	0	0	0	0	0	0	0	0	0	0	0	0	0	0	0	0	0	0	0	0	0	0	0	0	0	0	0	0	0
mmu-mir-186-5p_+_1	Zranb2	1	AAGAATT	0.0327380952381	11	10	0	0	1	0	0	0	0	0	0	0	0	0	0	0	0	0	0	0	0	0	0	0	0	0	0	0	0	0	0	0	0	0	0	0	0	0	0	0	0	0	0	0	0	0	0	0	0	0	0	0	0	0	0
mmu-mir-652-3p	Tmem164	0	ATGGCGC	1.0	20	10	9	1	0	0	0	0	0	0	0	0	0	0	0	0	0	0	0	0	0	0	0	0	0	0	0	0	0	0	0	0	0	0	0	0	0	0	0	0	0	0	0	0	0	0	0	0	0	0	0	0	0	0	0
mmu-mir-181c-3p	Mir181c	0	CCATCGA	1.0	12	10	2	0	0	0	0	0	0	0	0	0	0	0	0	0	0	0	0	0	0	0	0	0	0	0	0	0	0	0	0	0	0	0	0	0	0	0	0	0	0	0	0	0	0	0	0	0	0	0	0	0	0	0	0
mmu-mir-1839-5p	2900076A07Rik	0	AGGTAGA	1.0	11	10	0	1	0	0	0	0	0	0	0	0	0	0	0	0	0	0	0	0	0	0	0	0	0	0	0	0	0	0	0	0	0	0	0	0	0	0	0	0	0	0	0	0	0	0	0	0	0	0	0	0	0	0	0
mmu-mir-18a-3p	Mir18	0	CTGCCCT	1.0	15	8	5	0	2	0	0	0	0	0	0	0	0	0	0	0	0	0	0	0	0	0	0	0	0	0	0	0	0	0	0	0	0	0	0	0	0	0	0	0	0	0	0	0	0	0	0	0	0	0	0	0	0	0	0
mmu-mir-23b-3p	Mir23b	0	TCACATT	1.0	18.5	7.5	9	0	1	0	0	0	0	0	0	0	0	0	0	0	0	0	0	0	0	0	0	0	0	0	0	1	0	0	0	0	0	0	0	0	0	0	0	0	0	0	0	0	0	0	0	0	0	0	0	0	0	0	0
mmu-mir-193b-3p	Mir193b	0	ACTGGCC	1.0	14	7	1	1	3	0	1	0	0	0	0	0	0	0	0	0	0	0	0	0	0	0	0	0	0	0	0	0	0	0	0	0	0	0	0	1	0	0	0	0	0	0	0	0	0	0	0	0	0	0	0	0	0	0	0
mmu-mir-326-3p	Arrb1	0	CTCTGGG	1.0	12	7	2	1	0	0	1	0	0	0	0	1	0	0	0	0	0	0	0	0	0	0	0	0	0	0	0	0	0	0	0	0	0	0	0	0	0	0	0	0	0	0	0	0	0	0	0	0	0	0	0	0	0	0	0
mmu-mir-374-5p	B230206F22Rik	0	TATAATA	1.0	11	7	0	0	4	0	0	0	0	0	0	0	0	0	0	0	0	0	0	0	0	0	0	0	0	0	0	0	0	0	0	0	0	0	0	0	0	0	0	0	0	0	0	0	0	0	0	0	0	0	0	0	0	0	0
mmu-mir-361-5p	Chm	0	TATCAGA	1.0	12	4	3	1	3	0	0	0	0	1	0	0	0	0	0	0	0	0	0	0	0	0	0	0	0	0	0	0	0	0	0	0	0	0	0	0	0	0	0	0	0	0	0	0	0	0	0	0	0	0	0	0	0	0	0
mmu-mir-361-3p_+_1	Chm	1	CCCCAGG	1.0	19	2	0	0	17	0	0	0	0	0	0	0	0	0	0	0	0	0	0	0	0	0	0	0	0	0	0	0	0	0	0	0	0	0	0	0	0	0	0	0	0	0	0	0	0	0	0	0	0	0	0	0	0	0	0
mmu-mir-5109	Mir5109	0	GTTGCGG	0.5	11.5	0	0	0	11.5	0	0	0	0	0	0	0	0	0	0	0	0	0	0	0	0	0	0	0	0	0	0	0	0	0	0	0	0	0	0	0	0	0	0	0	0	0	0	0	0	0	0	0	0	0	0	0	0	0	0
