Name	Annotation	miRbaseOffset	Seed	Percent	Count	EM	E	T	A	AT	AA	TT	C	TA	AAT	G	CT	GC	GTG	TAT	AG	AC	CA	GT	AGT	TAA	GTGC	AGA	GA	AAA	ATT	TAAT	TC	TCT	AAG	CTT	AAAT	AATT	TTT	TG	TATT	TCA	AAGA	ATA	ACCA	CAT	GCCA	ACAT	AAAG	ACT	TTC	GGT	TAG	GGA	GAG	TTA	GAA	CAGT	GG	TCTG	GCT	TTTT	TGA	AATC	GTT	CG
mmu-mir-486-5p	Ank1	0	CCTGTAC	0.987217206512	17923.8333333	9635.33333333	444	4989.5	2556.5	47	62	38.5	25	24.5	20.5	0.5	14.5	0	0	14	4.5	6	6	0	6.5	5.5	0	3.5	1.5	2.5	0	2.5	1.5	2	0	0	1.5	1.5	0	0	0.5	1	0.5	0.5	0	0	0	0.5	0.5	0.5	0	0	0.5	0	0.5	0.5	0	0.5	0	0.5	0	0	0.5	0	0	0
mmu-mir-3107-5p	Mir3107	0	CCTGTAC	0.98847739297	17764.8333333	9513.33333333	422	4992.5	2544.5	46	61	36.5	23.5	24.5	20.5	0.5	14.5	0	0	14	4.5	6	6	0	6	5.5	0	3.5	1.5	2.5	0	2.5	1.5	2	0	0	1.5	1.5	0	0	0.5	1	0.5	0.5	0	0	0	0.5	0.5	0.5	0	0	0.5	0	0.5	0.5	0	0.5	0	0.5	0	0	0.5	0	0	0
mmu-mir-191-5p	Mir191	0	AACGGAA	0.907592190889	2092	2026	36	6	14	0	2	0	3	0	0	2	0	0	0	0	0	0	0	0	0	0	0	1	1	0	0	0	1	0	0	0	0	0	0	0	0	0	0	0	0	0	0	0	0	0	0	0	0	0	0	0	0	0	0	0	0	0	0	0	0	0
mmu-mir-92a-1-3p	Mir17hg	0	ATTGCAC	0.952845528455	1758	1587	15.5	9	111	14	12	0	1	0	2	0	0	0	0	0	0	1	0.5	1	0	0	0	0	0.5	0	1	0	0	0	1	0	0	0	0	0	0	0	0	0	1	0	0	0	0	0	0	0	0	0	0	0	0.5	0	0	0	0	0	0	0	0	0
mmu-mir-25-3p	Mcm7	0	ATTGCAC	1.0	1068	992	19	22	25	2	0	1	0	0	0	3	0	0	0	0	1	1	0	2	0	0	0	0	0	0	0	0	0	0	0	0	0	0	0	0	0	0	0	0	0	0	0	0	0	0	0	0	0	0	0	0	0	0	0	0	0	0	0	0	0	0
mmu-mir-140-3p_+_1	Wwp2	1	CCACAGG	0.771214017522	1540.5	940.5	229	285	57	4	1	2	3	1	1	10	1	0	0	0	0	2	1	0	1	0	0	0	0	0	0	1	0	1	0	0	0	0	0	0	0	0	0	0	0	0	0	0	0	0	0	0	0	0	0	0	0	0	0	0	0	0	0	0	0	0
mmu-mir-142-5p_-_2	Mir142	-2	CCATAAA	0.924778761062	418	321	85	4	1	0	0	0	6	0	0	0	0	0	0	0	0	0	0	0	0	0	0	0	0	0	0	0	0	0	0	0	0	0	0	0	0	0	0	0	0	0	0	0	0	0	0	0	0	0	0	0	0	0	0	0	1	0	0	0	0	0
mmu-mir-140-3p	Wwp2	0	ACCACAG	0.20675844806	413	312	13	57	16	4	0	3	2	0	0	3	0	0	0	0	1	0	0	0	0	0	0	0	1	0	0	0	0	0	0	0	0	0	1	0	0	0	0	0	0	0	0	0	0	0	0	0	0	0	0	0	0	0	0	0	0	0	0	0	0	0
mmu-mir-148a-3p	Mir148a	0	CAGTGCA	1.0	313	304	4	3	1	0	0	0	1	0	0	0	0	0	0	0	0	0	0	0	0	0	0	0	0	0	0	0	0	0	0	0	0	0	0	0	0	0	0	0	0	0	0	0	0	0	0	0	0	0	0	0	0	0	0	0	0	0	0	0	0	0
mmu-mir-423-3p	Ccdc55	0	GCTCGGT	0.856443719413	262.5	230.5	7	20	4	0	0	0	0	0	0	0	0	0	0	0	1	0	0	0	0	0	0	0	0	0	0	0	0	0	0	0	0	0	0	0	0	0	0	0	0	0	0	0	0	0	0	0	0	0	0	0	0	0	0	0	0	0	0	0	0	0
mmu-let-7i-5p	Mirlet7i	0	GAGGTAG	1.0	298.5	227.5	3	26	34	4	1	1	1	0	1	0	0	0	0	0	0	0	0	0	0	0	0	0	0	0	0	0	0	0	0	0	0	0	0	0	0	0	0	0	0	0	0	0	0	0	0	0	0	0	0	0	0	0	0	0	0	0	0	0	0	0
mmu-mir-378-3p	Ppargc1b	0	CTGGACT	0.931211222012	287.666666667	201.916666667	25.25	13.5	39.5	0.666666666666	1	1	0	0.333333333333	0.5	2.5	0	0	0	0	0	0	0	0	0	0	0	0	1	0.5	0	0	0	0	0	0	0	0	0	0	0	0	0	0	0	0	0	0	0	0	0	0	0	0	0	0	0	0	0	0	0	0	0	0	0	0
mmu-mir-423-5p	Ccdc55	0	GAGGGGC	1.0	203	185	14	1	1	1	0	0	1	0	0	0	0	0	0	0	0	0	0	0	0	0	0	0	0	0	0	0	0	0	0	0	0	0	0	0	0	0	0	0	0	0	0	0	0	0	0	0	0	0	0	0	0	0	0	0	0	0	0	0	0	0
mmu-mir-186-5p	Zranb2	0	AAAGAAT	1.0	237	180	48	4	5	0	0	0	0	0	0	0	0	0	0	0	0	0	0	0	0	0	0	0	0	0	0	0	0	0	0	0	0	0	0	0	0	0	0	0	0	0	0	0	0	0	0	0	0	0	0	0	0	0	0	0	0	0	0	0	0	0
mmu-mir-191-5p_+_1	Mir191	1	ACGGAAT	0.0924078091106	213	168	43	0	2	0	0	0	0	0	0	0	0	0	0	0	0	0	0	0	0	0	0	0	0	0	0	0	0	0	0	0	0	0	0	0	0	0	0	0	0	0	0	0	0	0	0	0	0	0	0	0	0	0	0	0	0	0	0	0	0	0
mmu-mir-425-5p	Mir425	0	ATGACAC	1.0	169	167	1	0	0	1	0	0	0	0	0	0	0	0	0	0	0	0	0	0	0	0	0	0	0	0	0	0	0	0	0	0	0	0	0	0	0	0	0	0	0	0	0	0	0	0	0	0	0	0	0	0	0	0	0	0	0	0	0	0	0	0
mmu-mir-30d-5p	Mir30d	0	GTAAACA	1.0	210	159	43	6	0	0	1	0	0	0	0	0	1	0	0	0	0	0	0	0	0	0	0	0	0	0	0	0	0	0	0	0	0	0	0	0	0	0	0	0	0	0	0	0	0	0	0	0	0	0	0	0	0	0	0	0	0	0	0	0	0	0
mmu-let-7d-5p	Mirlet7d	0	GAGGTAG	1.0	150.0625	142.0625	3	0	4	0	0	0	0	0	0	0	0	0	0	0	0	0	0	0	0	0	0	0	0	1	0	0	0	0	0	0	0	0	0	0	0	0	0	0	0	0	0	0	0	0	0	0	0	0	0	0	0	0	0	0	0	0	0	0	0	0
mmu-mir-128-1-3p	R3hdm1	0	CACAGTG	1.0	159	131	23.5	0	3	0	0.5	0	0.5	0	0	0	0	0	0	0	0	0	0	0	0	0	0	0	0	0	0	0	0	0	0.5	0	0	0	0	0	0	0	0	0	0	0	0	0	0	0	0	0	0	0	0	0	0	0	0	0	0	0	0	0	0	0
mmu-mir-30c-1-5p	Nfyc	0	GTAAACA	1.0	160.5	130.5	28.5	1.5	0	0	0	0	0	0	0	0	0	0	0	0	0	0	0	0	0	0	0	0	0	0	0	0	0	0	0	0	0	0	0	0	0	0	0	0	0	0	0	0	0	0	0	0	0	0	0	0	0	0	0	0	0	0	0	0	0	0
mmu-mir-30c-2-5p	Mir30c-2	0	GTAAACA	1.0	160.5	130.5	28.5	1.5	0	0	0	0	0	0	0	0	0	0	0	0	0	0	0	0	0	0	0	0	0	0	0	0	0	0	0	0	0	0	0	0	0	0	0	0	0	0	0	0	0	0	0	0	0	0	0	0	0	0	0	0	0	0	0	0	0	0
mmu-mir-320-3p	Mir320	0	AAAGCTG	0.927966101695	219	129	7	60	1	1	0	18	1	0	0	0	0	0	0	0	0	0	0	0	0	0	0	0	0	0	0	0	0	0	0	0	0	0	1	1	0	0	0	0	0	0	0	0	0	0	0	0	0	0	0	0	0	0	0	0	0	0	0	0	0	0
mmu-mir-451	Mir451	0	AACCGTT	1.0	133	123	9	0	0	0	0	0	1	0	0	0	0	0	0	0	0	0	0	0	0	0	0	0	0	0	0	0	0	0	0	0	0	0	0	0	0	0	0	0	0	0	0	0	0	0	0	0	0	0	0	0	0	0	0	0	0	0	0	0	0	0
mmu-let-7b-5p	Mirlet7b	0	GAGGTAG	1.0	134	119	5	1	5	1.5	1	0	0	0	0	0	0	0	0	0	0	0	0	0.5	0	0	0	0	0	0	0	0	0	0	1	0	0	0	0	0	0	0	0	0	0	0	0	0	0	0	0	0	0	0	0	0	0	0	0	0	0	0	0	0	0	0
mmu-mir-181a-2-5p	Mir181a-2	0	ACATTCA	1.0	127	110.5	10.5	5	0.5	0	0	0	0	0	0	0	0	0	0	0	0	0	0	0	0	0	0	0	0	0	0	0	0	0	0	0	0	0	0	0	0	0	0	0	0	0	0	0	0	0	0	0	0	0	0	0	0	0	0	0	0	0.5	0	0	0	0
mmu-mir-181a-1-5p	Mir181a-1	0	ACATTCA	1.0	127	110.5	10.5	5	0.5	0	0	0	0	0	0	0	0	0	0	0	0	0	0	0	0	0	0	0	0	0	0	0	0	0	0	0	0	0	0	0	0	0	0	0	0	0	0	0	0	0	0	0	0	0	0	0	0	0	0	0	0	0.5	0	0	0	0
mmu-mir-486-5p_+_2	Ank1	2	TGTACTG	0.0121769303854	221.083333333	104.75	16.5	64.3333333333	27.5	1	0.5	2.5	0	1	1	0	1	0	0	0	0	0	0	0	0	0.5	0	0	0	0	0	0	0	0	0	0	0	0	0	0	0	0	0	0	0	0.5	0	0	0	0	0	0	0	0	0	0	0	0	0	0	0	0	0	0	0	0
mmu-mir-128-2-3p	Arpp21	0	CACAGTG	1.0	108	90	11.5	2	3	0	0.5	0	0.5	0	0	0	0	0	0	0	0	0	0	0	0	0	0	0	0	0	0	0	0	0	0.5	0	0	0	0	0	0	0	0	0	0	0	0	0	0	0	0	0	0	0	0	0	0	0	0	0	0	0	0	0	0	0
mmu-mir-3107-5p_+_2	Mir3107	2	TGTACTG	0.010854898615	195.083333333	89.75	10.5	63.3333333333	26.5	1	0.5	0.5	0	1	0	0	1	0	0	0	0	0	0	0	0	0.5	0	0	0	0	0	0	0	0	0	0	0	0	0	0	0	0	0	0	0	0.5	0	0	0	0	0	0	0	0	0	0	0	0	0	0	0	0	0	0	0	0
mmu-mir-103-1-3p	Pank3	0	GCAGCAT	1.0	130.833333333	78.3333333333	1.66666666667	41.3333333333	0.666666666666	0	0	4.5	0.5	0	0	1	0.5	0	0	0	0	0	0	2	0	0	0	0.333333333333	0	0	0	0	0	0	0	0	0	0	0	0	0	0	0	0	0	0	0	0	0	0	0	0	0	0	0	0	0	0	0	0	0	0	0	0	0	0
mmu-mir-103-2-3p	Pank2	0	GCAGCAT	1.0	130.833333333	78.3333333333	1.66666666667	41.3333333333	0.666666666666	0	0	4.5	0.5	0	0	1	0.5	0	0	0	0	0	0	2	0	0	0	0.333333333333	0	0	0	0	0	0	0	0	0	0	0	0	0	0	0	0	0	0	0	0	0	0	0	0	0	0	0	0	0	0	0	0	0	0	0	0	0	0
mmu-mir-328-3p	Mir328	0	TGGCCCT	1.0	140.866666667	78.2	5	32.6666666667	8	4	0	9	0	0	0	1	0	0	0	0	0	0	0	0	0	0	0	0	0	0	2	0	0	0	0	0	0	0	0	0	0	0	0	0	0	0	0	0	0	0	0	0	0	0	0	0	0	0	0	0	0	0	0	0	1	0
mmu-mir-22-3p	Mir22hg	0	AGCTGCC	1.0	78	72	6	0	0	0	0	0	0	0	0	0	0	0	0	0	0	0	0	0	0	0	0	0	0	0	0	0	0	0	0	0	0	0	0	0	0	0	0	0	0	0	0	0	0	0	0	0	0	0	0	0	0	0	0	0	0	0	0	0	0	0
mmu-mir-92a-1-3p_+_1	Mir17hg	1	TTGCACT	0.0471544715447	87	70	14	1	2	0	0	0	0	0	0	0	0	0	0	0	0	0	0	0	0	0	0	0	0	0	0	0	0	0	0	0	0	0	0	0	0	0	0	0	0	0	0	0	0	0	0	0	0	0	0	0	0	0	0	0	0	0	0	0	0	0
mmu-mir-744-5p	Map2k4	0	GCGGGGC	1.0	76.5	63.5	1	7	2	1	2	0	0	0	0	0	0	0	0	0	0	0	0	0	0	0	0	0	0	0	0	0	0	0	0	0	0	0	0	0	0	0	0	0	0	0	0	0	0	0	0	0	0	0	0	0	0	0	0	0	0	0	0	0	0	0
mmu-mir-93-5p	Mcm7	0	AAAGTGC	1.0	60	57	0	3	0	0	0	0	0	0	0	0	0	0	0	0	0	0	0	0	0	0	0	0	0	0	0	0	0	0	0	0	0	0	0	0	0	0	0	0	0	0	0	0	0	0	0	0	0	0	0	0	0	0	0	0	0	0	0	0	0	0
mmu-mir-339-5p	3110082I17Rik	0	CCCTGTC	1.0	65	55	4	3	0	1	0	2	0	0	0	0	0	0	0	0	0	0	0	0	0	0	0	0	0	0	0	0	0	0	0	0	0	0	0	0	0	0	0	0	0	0	0	0	0	0	0	0	0	0	0	0	0	0	0	0	0	0	0	0	0	0
mmu-mir-92a-2-3p	Mir92-2	0	ATTGCAC	1.0	60	48	1.5	4	2.5	2	0	0	0	0	0	0	0	0	0	0	0	1	0.5	0	0	0	0	0	0	0	0	0	0	0	0	0	0	0	0	0	0	0	0	0	0	0	0	0	0	0	0	0	0	0	0	0	0.5	0	0	0	0	0	0	0	0	0
mmu-mir-185-5p	D16H22S680E	0	GGAGAGA	1.0	86	47	11	6	5	8	1	0	0	0	1	1	0	1	0	0	0	2	1	0	0	0	0	0	0	0	2	0	0	0	0	0	0	0	0	0	0	0	0	0	0	0	0	0	0	0	0	0	0	0	0	0	0	0	0	0	0	0	0	0	0	0
mmu-mir-181c-5p	Mir181c	0	ACATTCA	1.0	50	44	5	1	0	0	0	0	0	0	0	0	0	0	0	0	0	0	0	0	0	0	0	0	0	0	0	0	0	0	0	0	0	0	0	0	0	0	0	0	0	0	0	0	0	0	0	0	0	0	0	0	0	0	0	0	0	0	0	0	0	0
mmu-let-7c-2-5p	Mirlet7c-2	0	GAGGTAG	1.0	50	43.5	4	0	2.5	0	0	0	0	0	0	0	0	0	0	0	0	0	0	0	0	0	0	0	0	0	0	0	0	0	0	0	0	0	0	0	0	0	0	0	0	0	0	0	0	0	0	0	0	0	0	0	0	0	0	0	0	0	0	0	0	0
mmu-let-7c-1-5p	Mirlet7c-1	0	GAGGTAG	1.0	46	43.5	0	0	2.5	0	0	0	0	0	0	0	0	0	0	0	0	0	0	0	0	0	0	0	0	0	0	0	0	0	0	0	0	0	0	0	0	0	0	0	0	0	0	0	0	0	0	0	0	0	0	0	0	0	0	0	0	0	0	0	0	0
mmu-mir-16-1-5p	Dleu2	0	AGCAGCA	1.0	42	40.5	1.5	0	0	0	0	0	0	0	0	0	0	0	0	0	0	0	0	0	0	0	0	0	0	0	0	0	0	0	0	0	0	0	0	0	0	0	0	0	0	0	0	0	0	0	0	0	0	0	0	0	0	0	0	0	0	0	0	0	0	0
mmu-mir-16-2-5p	Smc4	0	AGCAGCA	1.0	41	40.5	0	0	0.5	0	0	0	0	0	0	0	0	0	0	0	0	0	0	0	0	0	0	0	0	0	0	0	0	0	0	0	0	0	0	0	0	0	0	0	0	0	0	0	0	0	0	0	0	0	0	0	0	0	0	0	0	0	0	0	0	0
mmu-let-7a-2-5p	Mirlet7a-2	0	GAGGTAG	1.0	38.3333333333	37.5	0.833333333333	0	0	0	0	0	0	0	0	0	0	0	0	0	0	0	0	0	0	0	0	0	0	0	0	0	0	0	0	0	0	0	0	0	0	0	0	0	0	0	0	0	0	0	0	0	0	0	0	0	0	0	0	0	0	0	0	0	0	0
mmu-let-7a-1-5p	Mirlet7a-1	0	GAGGTAG	1.0	38.3333333333	37.5	0.833333333333	0	0	0	0	0	0	0	0	0	0	0	0	0	0	0	0	0	0	0	0	0	0	0	0	0	0	0	0	0	0	0	0	0	0	0	0	0	0	0	0	0	0	0	0	0	0	0	0	0	0	0	0	0	0	0	0	0	0	0
mmu-mir-423-3p_-_1	Ccdc55	-1	AGCTCGG	0.143556280587	44	35	3	4	0	1	0	0	0	0	0	0	0	0	0	0	0	0	0	0	1	0	0	0	0	0	0	0	0	0	0	0	0	0	0	0	0	0	0	0	0	0	0	0	0	0	0	0	0	0	0	0	0	0	0	0	0	0	0	0	0	0
mmu-mir-192-5p	Mir192	0	TGACCTA	1.0	36	35	1	0	0	0	0	0	0	0	0	0	0	0	0	0	0	0	0	0	0	0	0	0	0	0	0	0	0	0	0	0	0	0	0	0	0	0	0	0	0	0	0	0	0	0	0	0	0	0	0	0	0	0	0	0	0	0	0	0	0	0
mmu-mir-26a-1-5p	Ctdspl	0	TCAAGTA	1.0	42.8333333333	34.5	3.33333333333	5	0	0	0	0	0	0	0	0	0	0	0	0	0	0	0	0	0	0	0	0	0	0	0	0	0	0	0	0	0	0	0	0	0	0	0	0	0	0	0	0	0	0	0	0	0	0	0	0	0	0	0	0	0	0	0	0	0	0
mmu-mir-26a-2-5p	Ctdsp2	0	TCAAGTA	1.0	42.8333333333	34.5	3.33333333333	5	0	0	0	0	0	0	0	0	0	0	0	0	0	0	0	0	0	0	0	0	0	0	0	0	0	0	0	0	0	0	0	0	0	0	0	0	0	0	0	0	0	0	0	0	0	0	0	0	0	0	0	0	0	0	0	0	0	0
mmu-let-7g-5p	Wdr82	0	GAGGTAG	1.0	35.5	34.5	1	0	0	0	0	0	0	0	0	0	0	0	0	0	0	0	0	0	0	0	0	0	0	0	0	0	0	0	0	0	0	0	0	0	0	0	0	0	0	0	0	0	0	0	0	0	0	0	0	0	0	0	0	0	0	0	0	0	0	0
mmu-mir-151-3p	Ptk2	0	TAGACTG	1.0	53	34	3	11	3	1	0	0	0	0	0	0	0	0	0	0	0	0	0	0	0	0	0	0	0	0	0	0	1	0	0	0	0	0	0	0	0	0	0	0	0	0	0	0	0	0	0	0	0	0	0	0	0	0	0	0	0	0	0	0	0	0
mmu-let-7f-2-5p	Huwe1	0	GAGGTAG	1.0	32.1052631579	32.1052631579	0	0	0	0	0	0	0	0	0	0	0	0	0	0	0	0	0	0	0	0	0	0	0	0	0	0	0	0	0	0	0	0	0	0	0	0	0	0	0	0	0	0	0	0	0	0	0	0	0	0	0	0	0	0	0	0	0	0	0	0
mmu-mir-30a-5p	Mir30a	0	GTAAACA	1.0	37	31	4	1	1	0	0	0	0	0	0	0	0	0	0	0	0	0	0	0	0	0	0	0	0	0	0	0	0	0	0	0	0	0	0	0	0	0	0	0	0	0	0	0	0	0	0	0	0	0	0	0	0	0	0	0	0	0	0	0	0	0
mmu-let-7f-1-5p	Mirlet7f-1	0	GAGGTAG	1.0	30.1052631579	30.1052631579	0	0	0	0	0	0	0	0	0	0	0	0	0	0	0	0	0	0	0	0	0	0	0	0	0	0	0	0	0	0	0	0	0	0	0	0	0	0	0	0	0	0	0	0	0	0	0	0	0	0	0	0	0	0	0	0	0	0	0	0
mmu-mir-107-3p	Pank1	0	GCAGCAT	1.0	34.3333333333	26.3333333333	1.66666666667	5.33333333333	0.666666666666	0	0	0	0	0	0	0	0	0	0	0	0	0	0	0	0	0	0	0.333333333333	0	0	0	0	0	0	0	0	0	0	0	0	0	0	0	0	0	0	0	0	0	0	0	0	0	0	0	0	0	0	0	0	0	0	0	0	0	0
mmu-mir-181d-5p	Mir181d	0	ACATTCA	1.0	32.8333333333	26	0	0.833333333333	5	0	0	0	0	0	0	0	0	0	0	0	1	0	0	0	0	0	0	0	0	0	0	0	0	0	0	0	0	0	0	0	0	0	0	0	0	0	0	0	0	0	0	0	0	0	0	0	0	0	0	0	0	0	0	0	0	0
mmu-mir-210-3p	Mir210	0	TGTGCGT	1.0	49	25	6	8	1	9	0	0	0	0	0	0	0	0	0	0	0	0	0	0	0	0	0	0	0	0	0	0	0	0	0	0	0	0	0	0	0	0	0	0	0	0	0	0	0	0	0	0	0	0	0	0	0	0	0	0	0	0	0	0	0	0
mmu-mir-223-3p	F630028O10Rik	0	GTCAGTT	1.0	36.5	21.5	1	9	1	0	0	2	1	0	0	0	0	0	0	0	0	0	0	0	0	0	0	0	0	0	0	0	0	0	0	0	0	0	0	0	0	0	0	0	0	0	0	0	0	0	1	0	0	0	0	0	0	0	0	0	0	0	0	0	0	0
mmu-mir-484	Mir484	0	CAGGCTC	1.0	31	20	4	6	0	0	0	0	0	0	0	0	0	0	0	0	0	0	0	0	0	0	0	0	0	0	1	0	0	0	0	0	0	0	0	0	0	0	0	0	0	0	0	0	0	0	0	0	0	0	0	0	0	0	0	0	0	0	0	0	0	0
mmu-mir-140-3p_+_2	Wwp2	2	CACAGGG	0.022027534418	44	19	2	17	2	0	0	0	1	0	0	1	0	0	0	0	1	0	0	0	0	0	0	0	0	0	0	0	0	0	0	0	0	0	0	0	0	0	0	0	0	0	0	0	0	0	0	0	0	1	0	0	0	0	0	0	0	0	0	0	0	0
mmu-mir-150-5p	Mir150	0	CTCCCAA	1.0	29	19	3	5	2	0	0	0	0	0	0	0	0	0	0	0	0	0	0	0	0	0	0	0	0	0	0	0	0	0	0	0	0	0	0	0	0	0	0	0	0	0	0	0	0	0	0	0	0	0	0	0	0	0	0	0	0	0	0	0	0	0
mmu-mir-142-5p_-_1	Mir142	-1	CATAAAG	0.0486725663717	22	18	2	1	0	0	0	0	1	0	0	0	0	0	0	0	0	0	0	0	0	0	0	0	0	0	0	0	0	0	0	0	0	0	0	0	0	0	0	0	0	0	0	0	0	0	0	0	0	0	0	0	0	0	0	0	0	0	0	0	0	0
mmu-mir-106b-3p	Mcm7	0	CGCACTG	1.0	25.1666666667	17.1666666667	0	2	4	0	0	1	0	0	0	0	0	0	0	0	1	0	0	0	0	0	0	0	0	0	0	0	0	0	0	0	0	0	0	0	0	0	0	0	0	0	0	0	0	0	0	0	0	0	0	0	0	0	0	0	0	0	0	0	0	0
mmu-mir-27b-3p	Mir27b	0	TCACAGT	1.0	38	17	4	13	1	1	0	1	0	1	0	0	0	0	0	0	0	0	0	0	0	0	0	0	0	0	0	0	0	0	0	0	0	0	0	0	0	0	0	0	0	0	0	0	0	0	0	0	0	0	0	0	0	0	0	0	0	0	0	0	0	0
mmu-mir-193b-3p	Mir193b	0	ACTGGCC	1.0	21	17	0	0	1	0	0	1	0	0	0	1	0	0	0	0	0	0	0	0	0	0	0	0	0	0	0	0	0	0	1	0	0	0	0	0	0	0	0	0	0	0	0	0	0	0	0	0	0	0	0	0	0	0	0	0	0	0	0	0	0	0
mmu-mir-181b-2-5p	Mir181b-2	0	ACATTCA	1.0	22.3333333333	16	1	1.5	3	0	0.5	0	0	0	0	0	0	0	0	0	0	0	0	0	0	0	0	0	0	0	0.333333333333	0	0	0	0	0	0	0	0	0	0	0	0	0	0	0	0	0	0	0	0	0	0	0	0	0	0	0	0	0	0	0	0	0	0	0
mmu-mir-148b-3p	Copz1	0	CAGTGCA	1.0	17	14	1	2	0	0	0	0	0	0	0	0	0	0	0	0	0	0	0	0	0	0	0	0	0	0	0	0	0	0	0	0	0	0	0	0	0	0	0	0	0	0	0	0	0	0	0	0	0	0	0	0	0	0	0	0	0	0	0	0	0	0
mmu-mir-30e-5p	Nfyc	0	GTAAACA	1.0	18.75	12.5	4.25	2	0	0	0	0	0	0	0	0	0	0	0	0	0	0	0	0	0	0	0	0	0	0	0	0	0	0	0	0	0	0	0	0	0	0	0	0	0	0	0	0	0	0	0	0	0	0	0	0	0	0	0	0	0	0	0	0	0	0
mmu-mir-181b-1-5p	Mir181b-1	0	ACATTCA	1.0	16.8333333333	12	0.5	0.5	3	0	0.5	0	0	0	0	0	0	0	0	0	0	0	0	0	0	0	0	0	0	0	0.333333333333	0	0	0	0	0	0	0	0	0	0	0	0	0	0	0	0	0	0	0	0	0	0	0	0	0	0	0	0	0	0	0	0	0	0	0
mmu-mir-181c-3p	Mir181c	0	CCATCGA	1.0	16	12	0	2	2	0	0	0	0	0	0	0	0	0	0	0	0	0	0	0	0	0	0	0	0	0	0	0	0	0	0	0	0	0	0	0	0	0	0	0	0	0	0	0	0	0	0	0	0	0	0	0	0	0	0	0	0	0	0	0	0	0
mmu-mir-378-3p_+_1	Ppargc1b	1	TGGACTT	0.0687887779875	21.25	11.25	1	2.5	5	0	0	0	0	0	0	0	0	0	0	0.5	0	0	0	0	0	0	0	0	0	0	0	0	0	0	0	0	0	0	0	0	1	0	0	0	0	0	0	0	0	0	0	0	0	0	0	0	0	0	0	0	0	0	0	0	0	0
mmu-mir-326-3p	Arrb1	0	CTCTGGG	1.0	13.1428571429	11.1428571429	0	0	1	0	1	0	0	0	0	0	0	0	0	0	0	0	0	0	0	0	0	0	0	0	0	0	0	0	0	0	0	0	0	0	0	0	0	0	0	0	0	0	0	0	0	0	0	0	0	0	0	0	0	0	0	0	0	0	0	0
mmu-mir-30e-3p	Nfyc	0	TTTCAGT	1.0	24	10.5	3	7	1	0	0	0.5	1	0	0	0	1	0	0	0	0	0	0	0	0	0	0	0	0	0	0	0	0	0	0	0	0	0	0	0	0	0	0	0	0	0	0	0	0	0	0	0	0	0	0	0	0	0	0	0	0	0	0	0	0	0
mmu-mir-151-5p	Ptk2	0	CGAGGAG	1.0	10.5	10.5	0	0	0	0	0	0	0	0	0	0	0	0	0	0	0	0	0	0	0	0	0	0	0	0	0	0	0	0	0	0	0	0	0	0	0	0	0	0	0	0	0	0	0	0	0	0	0	0	0	0	0	0	0	0	0	0	0	0	0	0
mmu-mir-24-1-3p	Mir24-1	0	GGCTCAG	1.0	14	10	0	4	0	0	0	0	0	0	0	0	0	0	0	0	0	0	0	0	0	0	0	0	0	0	0	0	0	0	0	0	0	0	0	0	0	0	0	0	0	0	0	0	0	0	0	0	0	0	0	0	0	0	0	0	0	0	0	0	0	0
mmu-mir-24-2-3p	Mir24-2	0	GGCTCAG	1.0	14	10	0	4	0	0	0	0	0	0	0	0	0	0	0	0	0	0	0	0	0	0	0	0	0	0	0	0	0	0	0	0	0	0	0	0	0	0	0	0	0	0	0	0	0	0	0	0	0	0	0	0	0	0	0	0	0	0	0	0	0	0
mmu-mir-26b-5p	Ctdsp1	0	TCAAGTA	1.0	12.3333333333	10	2	0	0	0	0	0	0.333333333333	0	0	0	0	0	0	0	0	0	0	0	0	0	0	0	0	0	0	0	0	0	0	0	0	0	0	0	0	0	0	0	0	0	0	0	0	0	0	0	0	0	0	0	0	0	0	0	0	0	0	0	0	0
mmu-mir-142-5p	Mir142	0	ATAAAGT	0.0265486725664	12	9	3	0	0	0	0	0	0	0	0	0	0	0	0	0	0	0	0	0	0	0	0	0	0	0	0	0	0	0	0	0	0	0	0	0	0	0	0	0	0	0	0	0	0	0	0	0	0	0	0	0	0	0	0	0	0	0	0	0	0	0
mmu-mir-320-3p_+_1	Mir320	1	AAGCTGG	0.0720338983051	17	9	0	5	0	0	0	1	0	0	0	0	0	0	0	0	0	0	0	2	0	0	0	0	0	0	0	0	0	0	0	0	0	0	0	0	0	0	0	0	0	0	0	0	0	0	0	0	0	0	0	0	0	0	0	0	0	0	0	0	0	0
mmu-mir-221-3p	Mir221	0	GCTACAT	1.0	13	9	0	4	0	0	0	0	0	0	0	0	0	0	0	0	0	0	0	0	0	0	0	0	0	0	0	0	0	0	0	0	0	0	0	0	0	0	0	0	0	0	0	0	0	0	0	0	0	0	0	0	0	0	0	0	0	0	0	0	0	0
mmu-mir-21-5p	Vmp1	0	AGCTTAT	1.0	11	8	0	0	2	0	0	0	0	0	0	1	0	0	0	0	0	0	0	0	0	0	0	0	0	0	0	0	0	0	0	0	0	0	0	0	0	0	0	0	0	0	0	0	0	0	0	0	0	0	0	0	0	0	0	0	0	0	0	0	0	0
mmu-mir-30b-5p	Mir30b	0	GTAAACA	1.0	11	7	4	0	0	0	0	0	0	0	0	0	0	0	0	0	0	0	0	0	0	0	0	0	0	0	0	0	0	0	0	0	0	0	0	0	0	0	0	0	0	0	0	0	0	0	0	0	0	0	0	0	0	0	0	0	0	0	0	0	0	0
mmu-mir-23b-3p	Mir23b	0	TCACATT	1.0	15.8333333333	6.5	1.33333333333	5	0	0	0	1	0	0	0	0	0	0	0	1	0	0	0	0	0	0	0	0	0	0	0	0	0	0	0	0	0	0	0	1	0	0	0	0	0	0	0	0	0	0	0	0	0	0	0	0	0	0	0	0	0	0	0	0	0	0
mmu-mir-130b-3p	2610318N02Rik	0	AGTGCAA	1.0	11	4	0	6	0	0	0	0	0	0	0	0	0	0	0	0	1	0	0	0	0	0	0	0	0	0	0	0	0	0	0	0	0	0	0	0	0	0	0	0	0	0	0	0	0	0	0	0	0	0	0	0	0	0	0	0	0	0	0	0	0	0
mmu-mir-18a-3p	Mir18	0	CTGCCCT	1.0	11	3	2	5	1	0	0	0	0	0	0	0	0	0	0	0	0	0	0	0	0	0	0	0	0	0	0	0	0	0	0	0	0	0	0	0	0	0	0	0	0	0	0	0	0	0	0	0	0	0	0	0	0	0	0	0	0	0	0	0	0	0
mmu-mir-486-5p_-_1	Ank1	-1	TCCTGTA	0.000605863102479	11	0	5	4.5	1.5	0	0	0	0	0	0	0	0	0	0	0	0	0	0	0	0	0	0	0	0	0	0	0	0	0	0	0	0	0	0	0	0	0	0	0	0	0	0	0	0	0	0	0	0	0	0	0	0	0	0	0	0	0	0	0	0	0
mmu-mir-3107-5p_-_1	Mir3107	-1	TCCTGTA	0.000667708415446	12	0	6	4.5	1.5	0	0	0	0	0	0	0	0	0	0	0	0	0	0	0	0	0	0	0	0	0	0	0	0	0	0	0	0	0	0	0	0	0	0	0	0	0	0	0	0	0	0	0	0	0	0	0	0	0	0	0	0	0	0	0	0	0
mmu-mir-5109_-_1	Mir5109	-1	TGTTGCG	0.0846153846154	11	0	11	0	0	0	0	0	0	0	0	0	0	0	0	0	0	0	0	0	0	0	0	0	0	0	0	0	0	0	0	0	0	0	0	0	0	0	0	0	0	0	0	0	0	0	0	0	0	0	0	0	0	0	0	0	0	0	0	0	0	0
mmu-mir-5109	Mir5109	0	GTTGCGG	0.596153846154	77.5	0	77.5	0	0	0	0	0	0	0	0	0	0	0	0	0	0	0	0	0	0	0	0	0	0	0	0	0	0	0	0	0	0	0	0	0	0	0	0	0	0	0	0	0	0	0	0	0	0	0	0	0	0	0	0	0	0	0	0	0	0	0
mmu-mir-5109_+_1	Mir5109	1	TTGCGGA	0.319230769231	41.5	0	41.5	0	0	0	0	0	0	0	0	0	0	0	0	0	0	0	0	0	0	0	0	0	0	0	0	0	0	0	0	0	0	0	0	0	0	0	0	0	0	0	0	0	0	0	0	0	0	0	0	0	0	0	0	0	0	0	0	0	0	0
